0.0
0.0
0.0
0.0
0.0
0.04
0.08
0.12
0.16
0.2
0.2
0.2
0.2
0.2
0.2
0.12000000000000001
0.04000000000000001
-0.03999999999999998
-0.12
-0.2
-0.2
-0.2
-0.2
-0.2
-0.2
-0.07999999999999999
0.040000000000000036
0.1600000000000001
0.2800000000000001
0.4
0.4
0.4
0.4
0.4
0.4
0.24000000000000002
0.08000000000000002
-0.07999999999999996
-0.24
-0.4
-0.4
-0.4
-0.4
-0.4
-0.4
-0.2
0.0
0.20000000000000007
0.4
0.6
0.6
0.6
0.6
0.6
0.6
0.36
0.12
-0.12
-0.36
-0.6
-0.6
-0.6
-0.6
-0.6
-0.6
-0.32
-0.040000000000000036
0.23999999999999988
0.5199999999999999
0.8
0.8
0.8
0.8
0.8
0.8
0.48000000000000004
0.16000000000000003
-0.15999999999999992
-0.48
-0.8
-0.8
-0.8
-0.8
-0.8
-0.8
-0.44000000000000006
-0.08000000000000007
0.28
0.6399999999999999
1.0
1.0
1.0
1.0
1.0
1.0
0.6
0.19999999999999996
-0.20000000000000018
-0.6000000000000001
-1.0
-1.0
-1.0
-1.0
-1.0
-1.0
-1.0
-1.0
-1.0
-1.0
-1.0
-1.0
-1.0
-1.0
-1.0
-1.0
-1.0
-1.0
-1.0
-1.0
-1.0
-0.8
-0.6
-0.3999999999999999
-0.19999999999999996
0.0
0.2
0.4
0.6000000000000001
0.8
1.0
1.2
1.4
1.6
1.8
2.0
2.2
2.4
2.6
2.8
3.0
3.0
3.0
3.0
3.0
3.0
3.0
3.0
3.0
3.0
3.0
3.0
3.0
3.0
3.0
3.0
3.0
3.0
3.0
3.0
3.0
3.0
3.0
3.0
3.0
3.0
3.0
3.0
3.0
3.0
3.0
3.0
3.0
3.0
3.0
3.0
2.8
2.6
2.4
2.2
2.0
1.8
1.6
1.4
1.2
1.0
0.8
0.6
0.3999999999999999
0.19999999999999996
0.0
-0.2
-0.4
-0.6000000000000001
-0.8
-1.0
-1.2
-1.4
-1.6
-1.8
-2.0
-2.2
-2.4
-2.6
-2.8
-3.0
-3.0
-3.0
-3.0
-3.0
-3.0
-3.0
-3.0
-3.0
-3.0
-3.0
-3.0
-3.0
-3.0
-3.0
-3.0
-3.0
-3.0
-3.0
-3.0
-3.0
-3.0
-3.0
-3.0
-3.0
-3.0
-3.0
-3.0
-3.0
-3.0
-3.0
-3.0
-3.0
-3.0
-3.0
-3.0
-3.0
-3.0
-3.0
-3.0
-3.0
-3.0
-3.0
-3.0
-3.0
-3.0
-2.8
-2.6
-2.4
-2.2
-2.0
-1.8
-1.6
-1.4
-1.2
-1.0
-0.8
-0.6
-0.3999999999999999
-0.19999999999999996
0.0
0.2
0.4
0.6000000000000001
0.8
1.0
1.2
1.4
1.6
1.8
2.0
2.2
2.4
2.6
2.8
3.0
3.2
3.4
3.6
3.8
4.0
4.2
4.4
4.6
4.8
5.0
5.2
5.4
5.6
5.8
6.0
6.0
6.0
6.0
6.0
6.0
6.0
6.0
6.0
6.0
6.0
6.0
6.0
6.0
6.0
6.0
6.0
6.0
6.0
6.0
6.0
6.0
6.0
6.0
6.0
6.0
6.0
6.0
6.0
6.0
6.0
6.0
6.0
6.0
6.0
6.0
6.0
6.0
6.0
6.0
6.0
6.0
6.0
6.0
6.0
6.0
6.0
6.0
6.0
6.0
6.0
6.0
6.0
6.0
6.0
6.0
6.0
6.0
6.0
6.0
6.0
5.8
5.6
5.4
5.2
5.0
4.8
4.6
4.4
4.2
4.0
3.8
3.6
3.4
3.2
3.0
2.8
2.6
2.4
2.2
2.0
1.8
1.6
1.4
1.2
1.0
0.8
0.6
0.3999999999999999
0.19999999999999996
0.0
-0.2
-0.4
-0.6000000000000001
-0.8
-1.0
-1.2
-1.4
-1.6
-1.8
-2.0
-2.2
-2.4
-2.6
-2.8
-3.0
-3.2
-3.4
-3.6
-3.8
-4.0
-4.2
-4.4
-4.6
-4.8
-5.0
-5.2
-5.4
-5.6
-5.8
-6.0
-6.0
-6.0
-6.0
-6.0
-6.0
-6.0
-6.0
-6.0
-6.0
-6.0
-6.0
-6.0
-6.0
-6.0
-6.0
-6.0
-6.0
-6.0
-6.0
-6.0
-6.0
-6.0
-6.0
-6.0
-6.0
-6.0
-6.0
-6.0
-6.0
-6.0
-6.0
-6.0
-6.0
-6.0
-6.0
-6.0
-6.0
-6.0
-6.0
-6.0
-6.0
-6.0
-6.0
-6.0
-6.0
-6.0
-6.0
-6.0
-6.0
-6.0
-6.0
-6.0
-6.0
-6.0
-6.0
-6.0
-6.0
-6.0
-6.0
-6.0
-6.0
-6.0
-6.0
-6.0
-6.0
-6.0
-6.0
-6.0
-6.0
-6.0
-6.0
-6.0
-6.0
-6.0
-6.0
-5.8
-5.6
-5.4
-5.2
-5.0
-4.8
-4.6
-4.4
-4.2
-4.0
-3.8
-3.6
-3.4
-3.2
-3.0
-2.8
-2.6
-2.4
-2.2
-2.0
-1.8
-1.6
-1.4
-1.2
-1.0
-0.8
-0.6
-0.3999999999999999
-0.19999999999999996
0.0
0.2
0.4
0.6000000000000001
0.8
1.0
1.2
1.4
1.6
1.8
2.0
2.2
2.4
2.6
2.8
3.0
3.2
3.4
3.6
3.8
4.0
4.2
4.4
4.6
4.8
5.0
5.2
5.4
5.6
5.8
6.0
6.2
6.4
6.6
6.8
7.0
7.2
7.4
7.6
7.8
8.0
8.2
8.4
8.6
8.8
9.0
9.0
9.0
9.0
9.0
9.0
9.0
9.0
9.0
9.0
9.0
9.0
9.0
9.0
9.0
9.0
9.0
9.0
9.0
9.0
9.0
9.0
9.0
9.0
9.0
9.0
9.0
9.0
9.0
9.0
9.0
9.0
9.0
9.0
9.0
9.0
9.0
9.0
9.0
9.0
9.0
9.0
9.0
9.0
9.0
9.0
9.0
9.0
9.0
9.0
9.0
9.0
9.0
9.0
9.0
9.0
9.0
9.0
9.0
9.0
9.0
9.0
9.0
9.0
9.0
9.0
9.0
9.0
9.0
9.0
9.0
9.0
9.0
9.0
9.0
9.0
9.0
9.0
9.0
9.0
9.0
9.0
9.0
9.0
9.0
9.0
9.0
9.0
9.0
9.0
9.0
8.8
8.6
8.4
8.2
8.0
7.8
7.6
7.4
7.2
7.0
6.8
6.6
6.4
6.2
6.0
5.8
5.6
5.4
5.2
5.0
4.8
4.6
4.4
4.2
4.0
3.8
3.6
3.4
3.2
3.0
2.8
2.6
2.4
2.2
2.0
1.8
1.6
1.4
1.2
1.0
0.8
0.6
0.3999999999999999
0.19999999999999996
0.0
-0.2
-0.4
-0.6000000000000001
-0.8
-1.0
-1.2
-1.4
-1.6
-1.8
-2.0
-2.2
-2.4
-2.6
-2.8
-3.0
-3.2
-3.4
-3.6
-3.8
-4.0
-4.2
-4.4
-4.6
-4.8
-5.0
-5.2
-5.4
-5.6
-5.8
-6.0
-6.2
-6.4
-6.6
-6.8
-7.0
-7.2
-7.4
-7.6
-7.8
-8.0
-8.2
-8.4
-8.6
-8.8
-9.0
-9.0
-9.0
-9.0
-9.0
-9.0
-9.0
-9.0
-9.0
-9.0
-9.0
-9.0
-9.0
-9.0
-9.0
-9.0
-9.0
-9.0
-9.0
-9.0
-9.0
-9.0
-9.0
-9.0
-9.0
-9.0
-9.0
-9.0
-9.0
-9.0
-9.0
-9.0
-9.0
-9.0
-9.0
-9.0
-9.0
-9.0
-9.0
-9.0
-9.0
-9.0
-9.0
-9.0
-9.0
-9.0
-9.0
-9.0
-9.0
-9.0
-9.0
-9.0
-9.0
-9.0
-9.0
-9.0
-9.0
-9.0
-9.0
-9.0
-9.0
-9.0
-9.0
-9.0
-9.0
-9.0
-9.0
-9.0
-9.0
-9.0
-9.0
-9.0
-9.0
-9.0
-9.0
-9.0
-9.0
-9.0
-9.0
-9.0
-9.0
-9.0
-9.0
-9.0
-9.0
-9.0
-9.0
-9.0
-9.0
-9.0
-9.0
-9.0
-9.0
-9.0
-9.0
-9.0
-9.0
-9.0
-9.0
-9.0
-9.0
-9.0
-9.0
-9.0
-9.0
-9.0
-8.8
-8.6
-8.4
-8.2
-8.0
-7.8
-7.6
-7.4
-7.2
-7.0
-6.8
-6.6
-6.4
-6.2
-6.0
-5.8
-5.6
-5.4
-5.2
-5.0
-4.8
-4.6
-4.4
-4.2
-4.0
-3.8
-3.6
-3.4
-3.2
-3.0
-2.8
-2.6
-2.4
-2.2
-2.0
-1.8
-1.6
-1.4
-1.2
-1.0
-0.8
-0.6
-0.3999999999999999
-0.19999999999999996
0.0
0.2
0.4
0.6000000000000001
0.8
1.0
1.2
1.4
1.6
1.8
2.0
2.2
2.4
2.6
2.8
3.0
3.2
3.4
3.6
3.8
4.0
4.2
4.4
4.6
4.8
5.0
5.2
5.4
5.6
5.8
6.0
6.2
6.4
6.6
6.8
7.0
7.2
7.4
7.6
7.8
8.0
8.2
8.4
8.6
8.8
9.0
9.2
9.4
9.6
9.8
10.0
10.2
10.4
10.6
10.8
11.0
11.2
11.4
11.6
11.8
12.0
12.0
12.0
12.0
12.0
12.0
12.0
12.0
12.0
12.0
12.0
12.0
12.0
12.0
12.0
12.0
12.0
12.0
12.0
12.0
12.0
12.0
12.0
12.0
12.0
12.0
12.0
12.0
12.0
12.0
12.0
12.0
12.0
12.0
12.0
12.0
12.0
12.0
12.0
12.0
12.0
12.0
12.0
12.0
12.0
12.0
12.0
12.0
12.0
12.0
12.0
12.0
12.0
12.0
12.0
12.0
12.0
12.0
12.0
12.0
12.0
12.0
12.0
12.0
12.0
12.0
12.0
12.0
12.0
12.0
12.0
12.0
12.0
12.0
12.0
12.0
12.0
12.0
12.0
12.0
12.0
12.0
12.0
12.0
12.0
12.0
12.0
12.0
12.0
12.0
12.0
12.0
12.0
12.0
12.0
12.0
12.0
12.0
12.0
12.0
12.0
12.0
12.0
12.0
12.0
12.0
12.0
12.0
12.0
12.0
12.0
12.0
12.0
12.0
12.0
12.0
12.0
12.0
12.0
12.0
12.0
11.8
11.6
11.4
11.2
11.0
10.8
10.6
10.4
10.2
10.0
9.8
9.6
9.4
9.2
9.0
8.8
8.6
8.4
8.2
8.0
7.8
7.6
7.4
7.2
7.0
6.8
6.6
6.4
6.2
6.0
5.8
5.6
5.4
5.2
5.0
4.8
4.6
4.4
4.2
4.0
3.8
3.6
3.4
3.2
3.0
2.8
2.6
2.4
2.2
2.0
1.8
1.6
1.4
1.2
1.0
0.8
0.6
0.3999999999999999
0.19999999999999996
0.0
-0.2
-0.4
-0.6000000000000001
-0.8
-1.0
-1.2
-1.4
-1.6
-1.8
-2.0
-2.2
-2.4
-2.6
-2.8
-3.0
-3.2
-3.4
-3.6
-3.8
-4.0
-4.2
-4.4
-4.6
-4.8
-5.0
-5.2
-5.4
-5.6
-5.8
-6.0
-6.2
-6.4
-6.6
-6.8
-7.0
-7.2
-7.4
-7.6
-7.8
-8.0
-8.2
-8.4
-8.6
-8.8
-9.0
-9.2
-9.4
-9.6
-9.8
-10.0
-10.2
-10.4
-10.6
-10.8
-11.0
-11.2
-11.4
-11.6
-11.8
-12.0
-12.0
-12.0
-12.0
-12.0
-12.0
-12.0
-12.0
-12.0
-12.0
-12.0
-12.0
-12.0
-12.0
-12.0
-12.0
-12.0
-12.0
-12.0
-12.0
-12.0
-12.0
-12.0
-12.0
-12.0
-12.0
-12.0
-12.0
-12.0
-12.0
-12.0
-12.0
-12.0
-12.0
-12.0
-12.0
-12.0
-12.0
-12.0
-12.0
-12.0
-12.0
-12.0
-12.0
-12.0
-12.0
-12.0
-12.0
-12.0
-12.0
-12.0
-12.0
-12.0
-12.0
-12.0
-12.0
-12.0
-12.0
-12.0
-12.0
-12.0
-12.0
-12.0
-12.0
-12.0
-12.0
-12.0
-12.0
-12.0
-12.0
-12.0
-12.0
-12.0
-12.0
-12.0
-12.0
-12.0
-12.0
-12.0
-12.0
-12.0
-12.0
-12.0
-12.0
-12.0
-12.0
-12.0
-12.0
-12.0
-12.0
-12.0
-12.0
-12.0
-12.0
-12.0
-12.0
-12.0
-12.0
-12.0
-12.0
-12.0
-12.0
-12.0
-12.0
-12.0
-12.0
-12.0
-12.0
-12.0
-12.0
-12.0
-12.0
-12.0
-12.0
-12.0
-12.0
-12.0
-12.0
-12.0
-12.0
-12.0
-12.0
-12.0
-12.0
-12.0
-12.0
-12.0
-12.0
-12.0
-12.0
-12.0
-11.8
-11.6
-11.4
-11.2
-11.0
-10.8
-10.6
-10.4
-10.2
-10.0
-9.8
-9.6
-9.4
-9.2
-9.0
-8.8
-8.6
-8.4
-8.2
-8.0
-7.8
-7.6
-7.4
-7.2
-7.0
-6.8
-6.6
-6.4
-6.2
-6.0
-5.8
-5.6
-5.4
-5.2
-5.0
-4.8
-4.6
-4.4
-4.2
-4.0
-3.8
-3.6
-3.4
-3.2
-3.0
-2.8
-2.6
-2.4
-2.2
-2.0
-1.8
-1.6
-1.4
-1.2
-1.0
-0.8
-0.6
-0.3999999999999999
-0.19999999999999996
0.0
0.2
0.4
0.6000000000000001
0.8
1.0
1.2
1.4
1.6
1.8
2.0
2.2
2.4
2.6
2.8
3.0
3.2
3.4
3.6
3.8
4.0
4.2
4.4
4.6
4.8
5.0
5.2
5.4
5.6
5.8
6.0
6.2
6.4
6.6
6.8
7.0
7.2
7.4
7.6
7.8
8.0
8.2
8.4
8.6
8.8
9.0
9.2
9.4
9.6
9.8
10.0
10.2
10.4
10.6
10.8
11.0
11.2
11.4
11.6
11.8
12.0
12.2
12.4
12.6
12.8
13.0
13.2
13.4
13.6
13.8
14.0
14.0
14.0
14.0
14.0
14.0
14.0
14.0
14.0
14.0
14.0
14.0
14.0
14.0
14.0
14.0
14.0
14.0
14.0
14.0
14.0
14.0
14.0
14.0
14.0
14.0
14.0
14.0
14.0
14.0
14.0
14.0
14.0
14.0
14.0
14.0
14.0
14.0
14.0
14.0
14.0
14.0
14.0
14.0
14.0
14.0
14.0
14.0
14.0
14.0
14.0
14.0
14.0
14.0
14.0
14.0
14.0
14.0
14.0
14.0
14.0
14.0
14.0
14.0
14.0
14.0
14.0
14.0
14.0
14.0
14.0
14.0
14.0
14.0
14.0
14.0
14.0
14.0
14.0
14.0
14.0
14.0
14.0
14.0
14.0
14.0
14.0
14.0
14.0
14.0
14.0
14.0
14.0
14.0
14.0
14.0
14.0
14.0
14.0
14.0
14.0
14.0
14.0
14.0
14.0
14.0
14.0
14.0
14.0
14.0
14.0
14.0
14.0
14.0
14.0
14.0
14.0
14.0
14.0
14.0
14.0
14.0
14.0
14.0
14.0
14.0
14.0
14.0
14.0
14.0
14.0
14.0
14.0
14.0
14.0
14.0
14.0
14.0
14.0
14.0
14.0
13.8
13.6
13.4
13.2
13.0
12.8
12.6
12.4
12.2
12.0
11.8
11.6
11.4
11.2
11.0
10.8
10.6
10.4
10.2
10.0
9.8
9.6
9.4
9.2
9.0
8.8
8.6
8.4
8.2
8.0
7.8
7.6
7.4
7.2
7.0
6.8
6.6
6.4
6.2
6.0
5.8
5.6
5.4
5.2
5.0
4.8
4.6
4.4
4.2
4.0
3.8
3.6
3.4
3.2
3.0
2.8
2.6
2.4
2.2
2.0
1.8
1.6
1.4
1.2
1.0
0.8
0.6
0.3999999999999999
0.19999999999999996
0.0
-0.2
-0.4
-0.6000000000000001
-0.8
-1.0
-1.2
-1.4
-1.6
-1.8
-2.0
-2.2
-2.4
-2.6
-2.8
-3.0
-3.2
-3.4
-3.6
-3.8
-4.0
-4.2
-4.4
-4.6
-4.8
-5.0
-5.2
-5.4
-5.6
-5.8
-6.0
-6.2
-6.4
-6.6
-6.8
-7.0
-7.2
-7.4
-7.6
-7.8
-8.0
-8.2
-8.4
-8.6
-8.8
-9.0
-9.2
-9.4
-9.6
-9.8
-10.0
-10.2
-10.4
-10.6
-10.8
-11.0
-11.2
-11.4
-11.6
-11.8
-12.0
-12.2
-12.4
-12.6
-12.8
-13.0
-13.2
-13.4
-13.6
-13.8
-14.0
-14.0
-14.0
-14.0
-14.0
-14.0
-14.0
-14.0
-14.0
-14.0
-14.0
-14.0
-14.0
-14.0
-14.0
-14.0
-14.0
-14.0
-14.0
-14.0
-14.0
-14.0
-14.0
-14.0
-14.0
-14.0
-14.0
-14.0
-14.0
-14.0
-14.0
-14.0
-14.0
-14.0
-14.0
-14.0
-14.0
-14.0
-14.0
-14.0
-14.0
-14.0
-14.0
-14.0
-14.0
-14.0
-14.0
-14.0
-14.0
-14.0
-14.0
-14.0
-14.0
-14.0
-14.0
-14.0
-14.0
-14.0
-14.0
-14.0
-14.0
-14.0
-14.0
-14.0
-14.0
-14.0
-14.0
-14.0
-14.0
-14.0
-14.0
-14.0
-14.0
-14.0
-14.0
-14.0
-14.0
-14.0
-14.0
-14.0
-14.0
-14.0
-14.0
-14.0
-14.0
-14.0
-14.0
-14.0
-14.0
-14.0
-14.0
-14.0
-14.0
-14.0
-14.0
-14.0
-14.0
-14.0
-14.0
-14.0
-14.0
-14.0
-14.0
-14.0
-14.0
-14.0
-14.0
-14.0
-14.0
-14.0
-14.0
-14.0
-14.0
-14.0
-14.0
-14.0
-14.0
-14.0
-14.0
-14.0
-14.0
-14.0
-14.0
-14.0
-14.0
-14.0
-14.0
-14.0
-14.0
-14.0
-14.0
-14.0
-14.0
-14.0
-14.0
-14.0
-14.0
-14.0
-14.0
-14.0
-14.0
-14.0
-14.0
-14.0
-14.0
-14.0
-14.0
-14.0
-14.0
-14.0
-14.0
-13.8
-13.6
-13.4
-13.2
-13.0
-12.8
-12.6
-12.4
-12.2
-12.0
-11.8
-11.6
-11.4
-11.2
-11.0
-10.8
-10.6
-10.4
-10.2
-10.0
-9.8
-9.6
-9.4
-9.2
-9.0
-8.8
-8.6
-8.4
-8.2
-8.0
-7.8
-7.6
-7.4
-7.2
-7.0
-6.8
-6.6
-6.4
-6.2
-6.0
-5.8
-5.6
-5.4
-5.2
-5.0
-4.8
-4.6
-4.4
-4.2
-4.0
-3.8
-3.6
-3.4
-3.2
-3.0
-2.8
-2.6
-2.4
-2.2
-2.0
-1.8
-1.6
-1.4
-1.2
-1.0
-0.8
-0.6
-0.3999999999999999
-0.19999999999999996
0.0
0.2
0.4
0.6000000000000001
0.8
1.0
1.2
1.4
1.6
1.8
2.0
2.2
2.4
2.6
2.8
3.0
3.2
3.4
3.6
3.8
4.0
4.2
4.4
4.6
4.8
5.0
5.2
5.4
5.6
5.8
6.0
6.2
6.4
6.6
6.8
7.0
7.2
7.4
7.6
7.8
8.0
8.2
8.4
8.6
8.8
9.0
9.2
9.4
9.6
9.8
10.0
10.2
10.4
10.6
10.8
11.0
11.2
11.4
11.6
11.8
12.0
12.2
12.4
12.6
12.8
13.0
13.2
13.4
13.6
13.8
14.0
14.2
14.4
14.6
14.8
15.0
15.2
15.4
15.6
15.8
16.0
16.0
16.0
16.0
16.0
16.0
16.0
16.0
16.0
16.0
16.0
16.0
16.0
16.0
16.0
16.0
16.0
16.0
16.0
16.0
16.0
16.0
16.0
16.0
16.0
16.0
16.0
16.0
16.0
16.0
16.0
16.0
16.0
16.0
16.0
16.0
16.0
16.0
16.0
16.0
16.0
16.0
16.0
16.0
16.0
16.0
16.0
16.0
16.0
16.0
16.0
16.0
16.0
16.0
16.0
16.0
16.0
16.0
16.0
16.0
16.0
16.0
16.0
16.0
16.0
16.0
16.0
16.0
16.0
16.0
16.0
16.0
16.0
16.0
16.0
16.0
16.0
16.0
16.0
16.0
16.0
16.0
16.0
16.0
16.0
16.0
16.0
16.0
16.0
16.0
16.0
16.0
16.0
16.0
16.0
16.0
16.0
16.0
16.0
16.0
16.0
16.0
16.0
16.0
16.0
16.0
16.0
16.0
16.0
16.0
16.0
16.0
16.0
16.0
16.0
16.0
16.0
16.0
16.0
16.0
16.0
16.0
16.0
16.0
16.0
16.0
16.0
16.0
16.0
16.0
16.0
16.0
16.0
16.0
16.0
16.0
16.0
16.0
16.0
16.0
16.0
16.0
16.0
16.0
16.0
16.0
16.0
16.0
16.0
16.0
16.0
16.0
16.0
16.0
16.0
16.0
16.0
16.0
16.0
16.0
16.0
15.8
15.6
15.4
15.2
15.0
14.8
14.6
14.4
14.2
14.0
13.8
13.6
13.4
13.2
13.0
12.8
12.6
12.4
12.2
12.0
11.8
11.6
11.4
11.2
11.0
10.8
10.6
10.4
10.2
10.0
9.8
9.6
9.4
9.2
9.0
8.8
8.6
8.4
8.2
8.0
7.8
7.6
7.4
7.2
7.0
6.8
6.6
6.4
6.2
6.0
5.8
5.6
5.4
5.2
5.0
4.8
4.6
4.4
4.2
4.0
3.8
3.6
3.4
3.2
3.0
2.8
2.6
2.4
2.2
2.0
1.8
1.6
1.4
1.2
1.0
0.8
0.6
0.3999999999999999
0.19999999999999996
0.0
-0.2
-0.4
-0.6000000000000001
-0.8
-1.0
-1.2
-1.4
-1.6
-1.8
-2.0
-2.2
-2.4
-2.6
-2.8
-3.0
-3.2
-3.4
-3.6
-3.8
-4.0
-4.2
-4.4
-4.6
-4.8
-5.0
-5.2
-5.4
-5.6
-5.8
-6.0
-6.2
-6.4
-6.6
-6.8
-7.0
-7.2
-7.4
-7.6
-7.8
-8.0
-8.2
-8.4
-8.6
-8.8
-9.0
-9.2
-9.4
-9.6
-9.8
-10.0
-10.2
-10.4
-10.6
-10.8
-11.0
-11.2
-11.4
-11.6
-11.8
-12.0
-12.2
-12.4
-12.6
-12.8
-13.0
-13.2
-13.4
-13.6
-13.8
-14.0
-14.2
-14.4
-14.6
-14.8
-15.0
-15.2
-15.4
-15.6
-15.8
-16.0
-16.0
-16.0
-16.0
-16.0
-16.0
-16.0
-16.0
-16.0
-16.0
-16.0
-16.0
-16.0
-16.0
-16.0
-16.0
-16.0
-16.0
-16.0
-16.0
-16.0
-16.0
-16.0
-16.0
-16.0
-16.0
-16.0
-16.0
-16.0
-16.0
-16.0
-16.0
-16.0
-16.0
-16.0
-16.0
-16.0
-16.0
-16.0
-16.0
-16.0
-16.0
-16.0
-16.0
-16.0
-16.0
-16.0
-16.0
-16.0
-16.0
-16.0
-16.0
-16.0
-16.0
-16.0
-16.0
-16.0
-16.0
-16.0
-16.0
-16.0
-16.0
-16.0
-16.0
-16.0
-16.0
-16.0
-16.0
-16.0
-16.0
-16.0
-16.0
-16.0
-16.0
-16.0
-16.0
-16.0
-16.0
-16.0
-16.0
-16.0
-16.0
-16.0
-16.0
-16.0
-16.0
-16.0
-16.0
-16.0
-16.0
-16.0
-16.0
-16.0
-16.0
-16.0
-16.0
-16.0
-16.0
-16.0
-16.0
-16.0
-16.0
-16.0
-16.0
-16.0
-16.0
-16.0
-16.0
-16.0
-16.0
-16.0
-16.0
-16.0
-16.0
-16.0
-16.0
-16.0
-16.0
-16.0
-16.0
-16.0
-16.0
-16.0
-16.0
-16.0
-16.0
-16.0
-16.0
-16.0
-16.0
-16.0
-16.0
-16.0
-16.0
-16.0
-16.0
-16.0
-16.0
-16.0
-16.0
-16.0
-16.0
-16.0
-16.0
-16.0
-16.0
-16.0
-16.0
-16.0
-16.0
-16.0
-16.0
-16.0
-16.0
-16.0
-16.0
-16.0
-16.0
-16.0
-16.0
-16.0
-16.0
-16.0
-16.0
-16.0
-16.0
-16.0
-16.0
-16.0
-16.0
-16.0
-15.8
-15.6
-15.4
-15.2
-15.0
-14.8
-14.6
-14.4
-14.2
-14.0
-13.8
-13.6
-13.4
-13.2
-13.0
-12.8
-12.6
-12.4
-12.2
-12.0
-11.8
-11.6
-11.4
-11.2
-11.0
-10.8
-10.6
-10.4
-10.2
-10.0
-9.8
-9.6
-9.4
-9.2
-9.0
-8.8
-8.6
-8.4
-8.2
-8.0
-7.8
-7.6
-7.4
-7.2
-7.0
-6.8
-6.6
-6.4
-6.2
-6.0
-5.8
-5.6
-5.4
-5.2
-5.0
-4.8
-4.6
-4.4
-4.2
-4.0
-3.8
-3.6
-3.4
-3.2
-3.0
-2.8
-2.6
-2.4
-2.2
-2.0
-1.8
-1.6
-1.4
-1.2
-1.0
-0.8
-0.6
-0.3999999999999999
-0.19999999999999996
0.0
0.2
0.4
0.6000000000000001
0.8
1.0
1.2
1.4
1.6
1.8
2.0
2.2
2.4
2.6
2.8
3.0
3.2
3.4
3.6
3.8
4.0
4.2
4.4
4.6
4.8
5.0
5.2
5.4
5.6
5.8
6.0
6.2
6.4
6.6
6.8
7.0
7.2
7.4
7.6
7.8
8.0
8.2
8.4
8.6
8.8
9.0
9.2
9.4
9.6
9.8
10.0
10.2
10.4
10.6
10.8
11.0
11.2
11.4
11.6
11.8
12.0
12.2
12.4
12.6
12.8
13.0
13.2
13.4
13.6
13.8
14.0
14.2
14.4
14.6
14.8
15.0
15.2
15.4
15.6
15.8
16.0
16.2
16.4
16.6
16.8
17.0
17.2
17.4
17.6
17.8
18.0
18.0
18.0
18.0
18.0
18.0
18.0
18.0
18.0
18.0
18.0
18.0
18.0
18.0
18.0
18.0
18.0
18.0
18.0
18.0
18.0
18.0
18.0
18.0
18.0
18.0
18.0
18.0
18.0
18.0
18.0
18.0
18.0
18.0
18.0
18.0
18.0
18.0
18.0
18.0
18.0
18.0
18.0
18.0
18.0
18.0
18.0
18.0
18.0
18.0
18.0
18.0
18.0
18.0
18.0
18.0
18.0
18.0
18.0
18.0
18.0
18.0
18.0
18.0
18.0
18.0
18.0
18.0
18.0
18.0
18.0
18.0
18.0
18.0
18.0
18.0
18.0
18.0
18.0
18.0
18.0
18.0
18.0
18.0
18.0
18.0
18.0
18.0
18.0
18.0
18.0
18.0
18.0
18.0
18.0
18.0
18.0
18.0
18.0
18.0
18.0
18.0
18.0
18.0
18.0
18.0
18.0
18.0
18.0
18.0
18.0
18.0
18.0
18.0
18.0
18.0
18.0
18.0
18.0
18.0
18.0
18.0
18.0
18.0
18.0
18.0
18.0
18.0
18.0
18.0
18.0
18.0
18.0
18.0
18.0
18.0
18.0
18.0
18.0
18.0
18.0
18.0
18.0
18.0
18.0
18.0
18.0
18.0
18.0
18.0
18.0
18.0
18.0
18.0
18.0
18.0
18.0
18.0
18.0
18.0
18.0
18.0
18.0
18.0
18.0
18.0
18.0
18.0
18.0
18.0
18.0
18.0
18.0
18.0
18.0
18.0
18.0
18.0
18.0
18.0
18.0
17.8
17.6
17.4
17.2
17.0
16.8
16.6
16.4
16.2
16.0
15.8
15.6
15.4
15.2
15.0
14.8
14.6
14.4
14.2
14.0
13.8
13.6
13.4
13.2
13.0
12.8
12.6
12.4
12.2
12.0
11.8
11.6
11.4
11.2
11.0
10.8
10.6
10.4
10.2
10.0
9.8
9.6
9.4
9.2
9.0
8.8
8.6
8.4
8.2
8.0
7.8
7.6
7.4
7.2
7.0
6.8
6.6
6.4
6.2
6.0
5.8
5.6
5.4
5.2
5.0
4.8
4.6
4.4
4.2
4.0
3.8
3.6
3.4
3.2
3.0
2.8
2.6
2.4
2.2
2.0
1.8
1.6
1.4
1.2
1.0
0.8
0.6
0.3999999999999999
0.19999999999999996
0.0
-0.2
-0.4
-0.6000000000000001
-0.8
-1.0
-1.2
-1.4
-1.6
-1.8
-2.0
-2.2
-2.4
-2.6
-2.8
-3.0
-3.2
-3.4
-3.6
-3.8
-4.0
-4.2
-4.4
-4.6
-4.8
-5.0
-5.2
-5.4
-5.6
-5.8
-6.0
-6.2
-6.4
-6.6
-6.8
-7.0
-7.2
-7.4
-7.6
-7.8
-8.0
-8.2
-8.4
-8.6
-8.8
-9.0
-9.2
-9.4
-9.6
-9.8
-10.0
-10.2
-10.4
-10.6
-10.8
-11.0
-11.2
-11.4
-11.6
-11.8
-12.0
-12.2
-12.4
-12.6
-12.8
-13.0
-13.2
-13.4
-13.6
-13.8
-14.0
-14.2
-14.4
-14.6
-14.8
-15.0
-15.2
-15.4
-15.6
-15.8
-16.0
-16.2
-16.4
-16.6
-16.8
-17.0
-17.2
-17.4
-17.6
-17.8
-18.0
-18.0
-18.0
-18.0
-18.0
-18.0
-18.0
-18.0
-18.0
-18.0
-18.0
-18.0
-18.0
-18.0
-18.0
-18.0
-18.0
-18.0
-18.0
-18.0
-18.0
-18.0
-18.0
-18.0
-18.0
-18.0
-18.0
-18.0
-18.0
-18.0
-18.0
-18.0
-18.0
-18.0
-18.0
-18.0
-18.0
-18.0
-18.0
-18.0
-18.0
-18.0
-18.0
-18.0
-18.0
-18.0
-18.0
-18.0
-18.0
-18.0
-18.0
-18.0
-18.0
-18.0
-18.0
-18.0
-18.0
-18.0
-18.0
-18.0
-18.0
-18.0
-18.0
-18.0
-18.0
-18.0
-18.0
-18.0
-18.0
-18.0
-18.0
-18.0
-18.0
-18.0
-18.0
-18.0
-18.0
-18.0
-18.0
-18.0
-18.0
-18.0
-18.0
-18.0
-18.0
-18.0
-18.0
-18.0
-18.0
-18.0
-18.0
-18.0
-18.0
-18.0
-18.0
-18.0
-18.0
-18.0
-18.0
-18.0
-18.0
-18.0
-18.0
-18.0
-18.0
-18.0
-18.0
-18.0
-18.0
-18.0
-18.0
-18.0
-18.0
-18.0
-18.0
-18.0
-18.0
-18.0
-18.0
-18.0
-18.0
-18.0
-18.0
-18.0
-18.0
-18.0
-18.0
-18.0
-18.0
-18.0
-18.0
-18.0
-18.0
-18.0
-18.0
-18.0
-18.0
-18.0
-18.0
-18.0
-18.0
-18.0
-18.0
-18.0
-18.0
-18.0
-18.0
-18.0
-18.0
-18.0
-18.0
-18.0
-18.0
-18.0
-18.0
-18.0
-18.0
-18.0
-18.0
-18.0
-18.0
-18.0
-18.0
-18.0
-18.0
-18.0
-18.0
-18.0
-18.0
-18.0
-18.0
-18.0
-18.0
-18.0
-18.0
-18.0
-18.0
-18.0
-18.0
-18.0
-18.0
-18.0
-18.0
-18.0
-18.0
-18.0
-18.0
-18.0
-18.0
-18.0
-18.0
-17.8
-17.6
-17.4
-17.2
-17.0
-16.8
-16.6
-16.4
-16.2
-16.0
-15.8
-15.6
-15.4
-15.2
-15.0
-14.8
-14.6
-14.4
-14.2
-14.0
-13.8
-13.6
-13.4
-13.2
-13.0
-12.8
-12.6
-12.4
-12.2
-12.0
-11.8
-11.6
-11.4
-11.2
-11.0
-10.8
-10.6
-10.4
-10.2
-10.0
-9.8
-9.6
-9.4
-9.2
-9.0
-8.8
-8.6
-8.4
-8.2
-8.0
-7.8
-7.6
-7.4
-7.2
-7.0
-6.8
-6.6
-6.4
-6.2
-6.0
-5.8
-5.6
-5.4
-5.2
-5.0
-4.8
-4.6
-4.4
-4.2
-4.0
-3.8
-3.6
-3.4
-3.2
-3.0
-2.8
-2.6
-2.4
-2.2
-2.0
-1.8
-1.6
-1.4
-1.2
-1.0
-0.8
-0.6
-0.3999999999999999
-0.19999999999999996
0.0
0.2
0.4
0.6000000000000001
0.8
1.0
1.2
1.4
1.6
1.8
2.0
2.2
2.4
2.6
2.8
3.0
3.2
3.4
3.6
3.8
4.0
4.2
4.4
4.6
4.8
5.0
5.2
5.4
5.6
5.8
6.0
6.2
6.4
6.6
6.8
7.0
7.2
7.4
7.6
7.8
8.0
8.2
8.4
8.6
8.8
9.0
9.2
9.4
9.6
9.8
10.0
10.2
10.4
10.6
10.8
11.0
11.2
11.4
11.6
11.8
12.0
12.2
12.4
12.6
12.8
13.0
13.2
13.4
13.6
13.8
14.0
14.2
14.4
14.6
14.8
15.0
15.2
15.4
15.6
15.8
16.0
16.2
16.4
16.6
16.8
17.0
17.2
17.4
17.6
17.8
18.0
18.2
18.4
18.6
18.8
19.0
19.2
19.4
19.6
19.8
20.0
20.0
20.0
20.0
20.0
20.0
20.0
20.0
20.0
20.0
20.0
20.0
20.0
20.0
20.0
20.0
20.0
20.0
20.0
20.0
20.0
20.0
20.0
20.0
20.0
20.0
20.0
20.0
20.0
20.0
20.0
20.0
20.0
20.0
20.0
20.0
20.0
20.0
20.0
20.0
20.0
20.0
20.0
20.0
20.0
20.0
20.0
20.0
20.0
20.0
20.0
20.0
20.0
20.0
20.0
20.0
20.0
20.0
20.0
20.0
20.0
20.0
20.0
20.0
20.0
20.0
20.0
20.0
20.0
20.0
20.0
20.0
20.0
20.0
20.0
20.0
20.0
20.0
20.0
20.0
20.0
20.0
20.0
20.0
20.0
20.0
20.0
20.0
20.0
20.0
20.0
20.0
20.0
20.0
20.0
20.0
20.0
20.0
20.0
20.0
20.0
20.0
20.0
20.0
20.0
20.0
20.0
20.0
20.0
20.0
20.0
20.0
20.0
20.0
20.0
20.0
20.0
20.0
20.0
20.0
20.0
20.0
20.0
20.0
20.0
20.0
20.0
20.0
20.0
20.0
20.0
20.0
20.0
20.0
20.0
20.0
20.0
20.0
20.0
20.0
20.0
20.0
20.0
20.0
20.0
20.0
20.0
20.0
20.0
20.0
20.0
20.0
20.0
20.0
20.0
20.0
20.0
20.0
20.0
20.0
20.0
20.0
20.0
20.0
20.0
20.0
20.0
20.0
20.0
20.0
20.0
20.0
20.0
20.0
20.0
20.0
20.0
20.0
20.0
20.0
20.0
20.0
20.0
20.0
20.0
20.0
20.0
20.0
20.0
20.0
20.0
20.0
20.0
20.0
20.0
20.0
20.0
20.0
20.0
20.0
20.0
19.8
19.6
19.4
19.2
19.0
18.8
18.6
18.4
18.2
18.0
17.8
17.6
17.4
17.2
17.0
16.8
16.6
16.4
16.2
16.0
15.8
15.6
15.4
15.2
15.0
14.8
14.6
14.4
14.2
14.0
13.8
13.6
13.4
13.2
13.0
12.8
12.6
12.4
12.2
12.0
11.8
11.6
11.4
11.2
11.0
10.8
10.6
10.4
10.2
10.0
9.8
9.6
9.4
9.2
9.0
8.8
8.6
8.4
8.2
8.0
7.8
7.6
7.4
7.2
7.0
6.8
6.6
6.4
6.2
6.0
5.8
5.6
5.4
5.2
5.0
4.8
4.6
4.4
4.2
4.0
3.8
3.6
3.4
3.2
3.0
2.8
2.6
2.4
2.2
2.0
1.8
1.6
1.4
1.2
1.0
0.8
0.6
0.3999999999999999
0.19999999999999996
0.0
-0.2
-0.4
-0.6000000000000001
-0.8
-1.0
-1.2
-1.4
-1.6
-1.8
-2.0
-2.2
-2.4
-2.6
-2.8
-3.0
-3.2
-3.4
-3.6
-3.8
-4.0
-4.2
-4.4
-4.6
-4.8
-5.0
-5.2
-5.4
-5.6
-5.8
-6.0
-6.2
-6.4
-6.6
-6.8
-7.0
-7.2
-7.4
-7.6
-7.8
-8.0
-8.2
-8.4
-8.6
-8.8
-9.0
-9.2
-9.4
-9.6
-9.8
-10.0
-10.2
-10.4
-10.6
-10.8
-11.0
-11.2
-11.4
-11.6
-11.8
-12.0
-12.2
-12.4
-12.6
-12.8
-13.0
-13.2
-13.4
-13.6
-13.8
-14.0
-14.2
-14.4
-14.6
-14.8
-15.0
-15.2
-15.4
-15.6
-15.8
-16.0
-16.2
-16.4
-16.6
-16.8
-17.0
-17.2
-17.4
-17.6
-17.8
-18.0
-18.2
-18.4
-18.6
-18.8
-19.0
-19.2
-19.4
-19.6
-19.8
-20.0
-20.0
-20.0
-20.0
-20.0
-20.0
-20.0
-20.0
-20.0
-20.0
-20.0
-20.0
-20.0
-20.0
-20.0
-20.0
-20.0
-20.0
-20.0
-20.0
-20.0
-20.0
-20.0
-20.0
-20.0
-20.0
-20.0
-20.0
-20.0
-20.0
-20.0
-20.0
-20.0
-20.0
-20.0
-20.0
-20.0
-20.0
-20.0
-20.0
-20.0
-20.0
-20.0
-20.0
-20.0
-20.0
-20.0
-20.0
-20.0
-20.0
-20.0
-20.0
-20.0
-20.0
-20.0
-20.0
-20.0
-20.0
-20.0
-20.0
-20.0
-20.0
-20.0
-20.0
-20.0
-20.0
-20.0
-20.0
-20.0
-20.0
-20.0
-20.0
-20.0
-20.0
-20.0
-20.0
-20.0
-20.0
-20.0
-20.0
-20.0
-20.0
-20.0
-20.0
-20.0
-20.0
-20.0
-20.0
-20.0
-20.0
-20.0
-20.0
-20.0
-20.0
-20.0
-20.0
-20.0
-20.0
-20.0
-20.0
-20.0
-19.8
-19.6
-19.4
-19.2
-19.0
-18.8
-18.6
-18.4
-18.2
-18.0
-17.8
-17.6
-17.4
-17.2
-17.0
-16.8
-16.6
-16.4
-16.2
-16.0
-15.8
-15.6
-15.4
-15.2
-15.0
-14.8
-14.6
-14.4
-14.2
-14.0
-13.8
-13.6
-13.4
-13.2
-13.0
-12.8
-12.6
-12.4
-12.2
-12.0
-11.8
-11.6
-11.4
-11.2
-11.0
-10.8
-10.6
-10.4
-10.2
-10.0
-9.8
-9.6
-9.4
-9.2
-9.0
-8.8
-8.6
-8.4
-8.2
-8.0
-7.8
-7.6
-7.4
-7.2
-7.0
-6.8
-6.6
-6.4
-6.2
-6.0
-5.8
-5.6
-5.4
-5.2
-5.0
-4.8
-4.6
-4.4
-4.2
-4.0
-3.8
-3.6
-3.4
-3.2
-3.0
-2.8
-2.6
-2.4
-2.2
-2.0
-1.8
-1.6
-1.4
-1.2
-1.0
-0.8
-0.6
-0.3999999999999999
-0.19999999999999996
0.0
0.0
0.0
0.0
0.0
0.0