0.3	1.44E+05
0.6	2.56E+05
0.9	3.53E+05
1.2	4.39E+05
1.5	5.17E+05
1.8	5.90E+05
2.1	6.59E+05
2.4	7.24E+05
2.7	7.87E+05
3	8.48E+05
2.7	7.85E+05
2.4	7.20E+05
2.1	6.53E+05
1.8	5.84E+05
1.5	5.08E+05
1.2	4.27E+05
0.9	3.41E+05
0.6	2.41E+05
0.3	1.25E+05
1.07E-14	-1.31E+04
-0.3	-1.49E+05
-0.6	-2.58E+05
-0.9	-3.54E+05
-1.2	-4.39E+05
-1.5	-5.17E+05
-1.8	-5.90E+05
-2.1	-6.58E+05
-2.4	-7.24E+05
-2.7	-7.87E+05
-3	-8.48E+05
-2.7	-7.85E+05
-2.4	-7.20E+05
-2.1	-6.53E+05
-1.8	-5.84E+05
-1.5	-5.08E+05
-1.2	-4.27E+05
-0.9	-3.41E+05
-0.6	-2.42E+05
-0.3	-1.32E+05
1.32E-14	9.04E+02
0.6	2.48E+05
1.2	4.28E+05
1.8	5.82E+05
2.4	7.19E+05
3	8.48E+05
3.6	9.66E+05
4.2	1.08E+06
4.8	1.19E+06
5.4	1.30E+06
6	1.41E+06
5.4	1.30E+06
4.8	1.18E+06
4.2	1.06E+06
3.6	9.43E+05
3	8.20E+05
2.4	6.90E+05
1.8	5.52E+05
1.2	3.96E+05
0.6	2.07E+05
-7.60E-15	-1.86E+04
-0.6	-2.48E+05
-1.2	-4.28E+05
-1.8	-5.82E+05
-2.4	-7.19E+05
-3	-8.48E+05
-3.6	-9.66E+05
-4.2	-1.08E+06
-4.8	-1.19E+06
-5.4	-1.30E+06
-6	-1.41E+06
-5.4	-1.30E+06
-4.8	-1.18E+06
-4.2	-1.06E+06
-3.6	-9.43E+05
-3	-8.20E+05
-2.4	-6.90E+05
-1.8	-5.53E+05
-1.2	-3.96E+05
-0.6	-2.08E+05
4.01E-14	4.09E+02
0.9	3.05E+05
1.8	5.51E+05
2.7	7.57E+05
3.6	9.46E+05
4.5	1.12E+06
5.4	1.30E+06
6.3	1.47E+06
7.2	1.63E+06
8.1	1.78E+06
9	1.94E+06
8.1	1.77E+06
7.2	1.60E+06
6.3	1.43E+06
5.4	1.26E+06
4.5	1.09E+06
3.6	9.05E+05
2.7	7.15E+05
1.8	5.10E+05
0.9	2.60E+05
-5.39E-14	-9.76E+03
-0.9	-3.14E+05
-1.8	-5.51E+05
-2.7	-7.57E+05
-3.6	-9.46E+05
-4.5	-1.12E+06
-5.4	-1.30E+06
-6.3	-1.47E+06
-7.2	-1.62E+06
-8.1	-1.78E+06
-9	-1.94E+06
-8.1	-1.77E+06
-7.2	-1.60E+06
-6.3	-1.43E+06
-5.4	-1.26E+06
-4.5	-1.09E+06
-3.6	-9.05E+05
-2.7	-7.15E+05
-1.8	-5.10E+05
-0.9	-2.61E+05
1.33E-13	1.64E+02
1.5	4.29E+05
3	7.81E+05
4.5	1.09E+06
6	1.38E+06
7.5	1.66E+06
9	1.94E+06
10.5	2.20E+06
12	2.45E+06
13.5	2.70E+06
15	2.95E+06
13.5	2.67E+06
12	2.40E+06
10.5	2.12E+06
9	1.84E+06
7.5	1.56E+06
6	1.27E+06
4.5	9.78E+05
3	6.63E+05
1.5	3.21E+05
-1.24E-13	-6.60E+03
-1.5	-4.30E+05
-3	-7.81E+05
-4.5	-1.09E+06
-6	-1.38E+06
-7.5	-1.66E+06
-9	-1.94E+06
-10.5	-2.19E+06
-12	-2.45E+06
-13.5	-2.70E+06
-15	-2.95E+06
-13.5	-2.67E+06
-12	-2.39E+06
-10.5	-2.12E+06
-9	-1.84E+06
-7.5	-1.56E+06
-6	-1.28E+06
-4.5	-9.77E+05
-3	-6.63E+05
-1.5	-3.21E+05
2.24E-13	1.70E+02
2.1	4.64E+05
4.2	9.19E+05
6.3	1.34E+06
8.4	1.73E+06
10.5	2.12E+06
12.6	2.51E+06
14.7	2.89E+06
16.8	3.24E+06
18.9	3.57E+06
21	3.89E+06
18.9	3.51E+06
16.8	3.13E+06
14.7	2.74E+06
12.6	2.36E+06
10.5	1.97E+06
8.4	1.58E+06
6.3	1.18E+06
4.2	7.61E+05
2.1	3.45E+05
-2.86E-13	-1.50E+04
-2.1	-4.73E+05
-4.2	-9.28E+05
-6.3	-1.35E+06
-8.4	-1.74E+06
-10.5	-2.13E+06
-12.6	-2.51E+06
-14.7	-2.90E+06
-16.8	-3.24E+06
-18.9	-3.58E+06
-21	-3.90E+06
-18.9	-3.52E+06
-16.8	-3.13E+06
-14.7	-2.75E+06
-12.6	-2.37E+06
-10.5	-1.98E+06
-8.4	-1.59E+06
-6.3	-1.19E+06
-4.2	-7.71E+05
-2.1	-3.54E+05
3.84E-13	5.25E+01
2.7	4.70E+05
5.4	1.02E+06
8.1	1.54E+06
10.8	2.04E+06
13.5	2.53E+06
16.2	3.03E+06
18.9	3.52E+06
21.6	3.99E+06
24.3	4.35E+06
27	4.66E+06
24.3	4.19E+06
21.6	3.70E+06
18.9	3.21E+06
16.2	2.73E+06
13.5	2.24E+06
10.8	1.75E+06
8.1	1.25E+06
5.4	7.44E+05
2.7	2.93E+05
-3.84E-13	-6.76E+04
-2.7	-5.67E+05
-5.4	-1.09E+06
-8.1	-1.61E+06
-10.8	-2.10E+06
-13.5	-2.59E+06
-16.2	-3.08E+06
-18.9	-3.57E+06
-21.6	-4.04E+06
-24.3	-4.39E+06
-27	-4.71E+06
-24.3	-4.23E+06
-21.6	-3.74E+06
-18.9	-3.25E+06
-16.2	-2.77E+06
-13.5	-2.28E+06
-10.8	-1.79E+06
-8.1	-1.30E+06
-5.4	-7.94E+05
-2.7	-3.47E+05
6.11E-13	-1.30E+03
3.6	5.79E+05
7.2	1.19E+06
10.8	1.85E+06
14.4	2.50E+06
18	3.14E+06
21.6	3.78E+06
25.2	4.40E+06
28.8	4.90E+06
32.4	5.22E+06
36	5.49E+06
32.4	4.86E+06
28.8	4.23E+06
25.2	3.61E+06
21.6	2.98E+06
18	2.35E+06
14.4	1.71E+06
10.8	1.08E+06
7.2	4.53E+05
3.6	2.22E+04
-3.12E-13	-3.33E+05
-3.6	-7.71E+05
-7.2	-1.40E+06
-10.8	-2.02E+06
-14.4	-2.66E+06
-18	-3.29E+06
-21.6	-3.91E+06
-25.2	-4.51E+06
-28.8	-5.00E+06
-32.4	-5.31E+06
-36	-5.57E+06
-32.4	-4.94E+06
-28.8	-4.31E+06
-25.2	-3.68E+06
-21.6	-3.05E+06
-18	-2.42E+06
-14.4	-1.79E+06
-10.8	-1.16E+06
-7.2	-5.37E+05
-3.6	-1.23E+05
6.01E-13	1.80E+05
4.5	5.82E+05
9	1.14E+06
13.5	1.98E+06
18	2.79E+06
22.5	3.53E+06
27	4.26E+06
31.5	4.96E+06
36	5.55E+06
40.5	5.84E+06
45	6.09E+06
40.5	5.33E+06
36	4.57E+06
31.5	3.80E+06
27	3.04E+06
22.5	2.28E+06
18	1.52E+06
13.5	7.56E+05
9	1.38E+05
4.5	-2.64E+05
-2.91E-13	-6.48E+05
-4.5	-1.01E+06
-9	-1.49E+06
-13.5	-2.21E+06
-18	-2.96E+06
-22.5	-3.68E+06
-27	-4.39E+06
-31.5	-5.02E+06
-36	-5.58E+06
-40.5	-5.87E+06
-45	-6.12E+06
-40.5	-5.36E+06
-36	-4.60E+06
-31.5	-3.83E+06
-27	-3.07E+06
-22.5	-2.31E+06
-18	-1.54E+06
-13.5	-7.79E+05
-9	-1.84E+05
-4.5	1.87E+05
6.25E-13	5.20E+05
5.4	9.19E+05
10.8	1.40E+06
16.2	2.07E+06
21.6	3.07E+06
27	3.88E+06
32.4	4.60E+06
37.8	5.25E+06
43.2	5.89E+06
48.6	6.26E+06
54	6.41E+06
48.6	5.52E+06
43.2	4.64E+06
37.8	3.76E+06
32.4	2.88E+06
27	1.99E+06
21.6	1.11E+06
16.2	3.05E+05
10.8	-2.36E+05
5.4	-5.98E+05
-2.10576E-13	-9.35E+05
-5.4	-1.28E+06
-10.8	-1.69E+06
-16.2	-2.33E+06
-21.6	-3.14E+06
-27	-3.93E+06
-32.4	-4.60E+06
-37.8	-5.24E+06
-43.2	-5.87E+06
-48.6	-6.21E+06
-54	-6.36E+06
-48.6	-5.48E+06
-43.2	-4.58E+06
-37.8	-3.69E+06
-32.4	-2.80E+06
-27	-1.92E+06
-21.6	-1.03E+06
-16.2	-2.79E+05
-10.8	2.18E+05
-5.4	5.69E+05
1.09E-12	8.95E+05
7	1.31E+06
14	1.76E+06
21	2.59E+06
28	3.56E+06
35	4.38E+06
42	5.16E+06
49	5.86E+06
56	6.36E+06
63	6.47E+06
70	6.53E+06
63	5.47E+06
56	4.37E+06
49	3.29E+06
42	2.21E+06
35	1.15E+06
28	2.14E+05
21	-4.28E+05
14	-8.44E+05
7	-1.25E+06
-4.17407E-13	-1.57E+06
-7	-1.90E+06
-14	-2.21E+06
-21	-2.66E+06
-28	-3.50E+06
-35	-4.29E+06
-42	-5.00E+06
-49	-5.64E+06
-56	-6.12E+06
-63	-6.30E+06
-70	-6.43E+06
-63	-5.35E+06
-56	-4.24E+06
-49	-3.14E+06
-42	-2.05E+06
-35	-9.92E+05
-28	-1.20E+05
-21	4.27E+05
-14	8.48E+05
-7	1.22E+06
8.71E-13	1.54E+06
8.5	1.90E+06
17	2.23E+06
25.5	2.51E+06
34	3.31E+06
42.5	4.12E+06
51	4.83E+06
59.5	5.52E+06
68	6.15E+06
76.5	6.41E+06
85	6.48E+06
76.5	5.24E+06
68	3.97E+06
59.5	2.72E+06
51	1.47E+06
42.5	3.66E+05
34	-4.00E+05
25.5	-9.27E+05
17	-1.35E+06
8.5	-1.69E+06
-3.97756E-13	-2.02E+06
-8.5	-2.30E+06
-17	-2.52E+06
-25.5	-2.72E+06
-34	-3.05E+06
-42.5	-3.94E+06
-51	-4.66E+06
-59.5	-5.35E+06
-68	-5.97E+06
-76.5	-6.27E+06
-85	-6.39E+06
-76.5	-5.13E+06
-68	-3.83E+06
-59.5	-2.56E+06
-51	-1.31E+06
-42.5	-2.38E+05
-34	4.52E+05
-25.5	9.51E+05
-17	1.38E+06
-8.5	1.72E+06
1.52E-12	2.04E+06
10	2.34E+06
20	2.59E+06
30	2.81E+06
40	3.13E+06
50	3.89E+06
60	4.64E+06
70	5.32E+06
80	5.94E+06
90	6.32E+06
100	6.39E+06
90	4.97E+06
80	3.56E+06
70	2.16E+06
60	8.19E+05
50	-1.98E+05
40	-8.75E+05
30	-1.36E+06
20	-1.77E+06
10	-2.11E+06
-1.17217E-12	-2.38E+06
-10	-2.61E+06
-20	-2.80E+06
-30	-2.93E+06
-40	-3.07E+06
-50	-3.79E+06
-60	-4.54E+06
-70	-5.20E+06
-80	-5.80E+06
-90	-6.22E+06
-100	-6.33E+06
-90	-4.92E+06
-80	-3.44E+06
-70	-2.01E+06
-60	-6.77E+05
-50	2.73E+05
-40	9.20E+05
-30	1.41E+06
-20	1.80E+06
-10	2.14E+06
1.86E-12	2.40E+06
12	2.68E+06
24	2.87E+06
36	3.00E+06
48	3.17E+06
60	3.93E+06
72	4.64E+06
84	5.29E+06
96	5.94E+06
108	6.26E+06
120	6.26E+06
108	4.66E+06
96	3.08E+06
84	1.52E+06
72	1.54E+05
60	-7.20E+05
48	-1.37E+06
36	-1.84E+06
24	-2.19E+06
12	-2.48E+06
-1.53647E-12	-2.72E+06
-12	-2.88E+06
-24	-3.01E+06
-36	-3.12E+06
-48	-3.25E+06
-60	-3.81E+06
-72	-4.49E+06
-84	-5.16E+06
-96	-5.83E+06
-108	-6.21E+06
-120	-6.22E+06
-108	-4.95E+06
-96	-2.93E+06
-84	-1.36E+06
-72	-2.89E+04
-60	8.10E+05
-48	1.41E+06
-36	1.89E+06
-24	2.23E+06
-12	2.52E+06
2.23E-12	2.73E+06
14	2.91E+06
28	3.05E+06
42	3.18E+06
56	3.31E+06
70	3.73E+06
84	4.38E+06
98	5.04E+06
112	5.69E+06
126	6.13E+06
140	5.99E+06
126	4.25E+06
112	2.52E+06
98	8.81E+05
84	-3.62E+05
70	-1.23E+06
56	-1.81E+06
42	-2.21E+06
28	-2.53E+06
14	-2.72E+06
-2.07506E-12	-2.90E+06
-14	-3.03E+06
-28	-3.16E+06
-42	-3.27E+06
-56	-3.34E+06
-70	-3.56E+06
-84	-4.33E+06
-98	-5.00E+06
-112	-5.66E+06
-126	-6.11E+06
-140	-6.01E+06
-126	-4.22E+06
-112	-2.49E+06
-98	-8.23E+05
-84	4.03E+05
-70	1.25E+06
-56	1.81E+06
-42	2.21E+06
-28	2.53E+06
-14	2.72E+06
2.79E-12	2.90E+06
16	3.05E+06
32	3.19E+06
48	3.29E+06
64	3.36E+06
80	3.60E+06
96	4.20E+06
112	4.82E+06
128	5.43E+06
144	5.90E+06
160	5.77E+06
144	3.89E+06
128	2.06E+06
112	3.64E+05
96	-8.16E+05
80	-1.60E+06
64	-2.12E+06
48	-2.50E+06
32	-2.70E+06
16	-2.88E+06
-3.76995E-12	-3.04E+06
-16	-3.18E+06
-32	-3.29E+06
-48	-3.33E+06
-64	-3.38E+06
-80	-3.60E+06
-96	-4.24E+06
-112	-4.85E+06
-128	-5.48E+06
-144	-5.92E+06
-160	-5.80E+06
-144	-3.91E+06
-128	-2.05E+06
-112	-3.26E+05
-96	8.29E+05
-80	1.60E+06
-64	2.12E+06
-48	2.50E+06
-32	2.71E+06
-16	2.88E+06
4.62E-12	3.04E+06
18	3.19E+06
36	3.29E+06
54	3.34E+06
72	3.40E+06
90	3.58E+06
108	4.10E+06
126	4.68E+06
144	5.21E+06
162	5.69E+06
180	5.73E+06
162	3.69E+06
144	1.70E+06
126	1.06E+04
108	-1.10E+06
90	-1.83E+06
72	-2.30E+06
54	-2.63E+06
36	-2.83E+06
18	-3.00E+06
-4.51978E-12	-3.15E+06
-18	-3.28E+06
-36	-3.32E+06
-54	-3.35E+06
-72	-3.41E+06
-90	-3.58E+06
-108	-4.01E+06
-126	-4.69E+06
-144	-5.24E+06
-162	-5.72E+06
-180	-5.72E+06
-162	-3.68E+06
-144	-1.68E+06
-126	1.42E+04
-108	1.10E+06
-90	1.83E+06
-72	2.31E+06
-54	2.63E+06
-36	2.83E+06
-18	3.00E+06
5.38E-12	3.15E+06
20	3.27E+06
40	3.32E+06
60	3.36E+06
80	3.44E+06
100	3.62E+06
120	4.02E+06
140	4.64E+06
160	5.16E+06
180	5.65E+06
200	5.62E+06
180	3.49E+06
160	1.39E+06
140	-2.97E+05
120	-1.34E+06
100	-2.00E+06
80	-2.44E+06
60	-2.73E+06
40	-2.95E+06
20	-3.10E+06
-5.2991E-12	-3.23E+06
-20	-3.30E+06
-40	-3.33E+06
-60	-3.36E+06
-80	-3.44E+06
-100	-3.62E+06
-120	-4.07E+06
-140	-4.63E+06
-160	-5.16E+06
-180	-5.66E+06
-200	-5.63E+06
-180	-3.48E+06
-160	-1.37E+06
-140	3.11E+05
-120	1.36E+06
-100	2.00E+06
-80	2.44E+06
-60	2.73E+06
-40	2.95E+06
-20	3.09E+06
-3.21651E-12	3.22E+06
-3.2106E-12	3.21E+06
-3.21063E-12	3.21E+06
-3.21063E-12	3.21E+06
-3.21063E-12	3.21E+06
-3.21063E-12	3.21E+06
-3.21063E-12	3.21E+06
-3.21063E-12	3.21E+06
-3.21063E-12	3.21E+06
-3.21063E-12	3.21E+06
-3.21063E-12	3.21E+06
