0.3
0.6
0.9
1.2
1.5
1.8
2.1
2.4
2.7
3
2.7
2.4
2.1
1.8
1.5
1.2
0.9
0.6
0.3
3.34E-14
-0.3
-0.6
-0.9
-1.2
-1.5
-1.8
-2.1
-2.4
-2.7
-3
-2.7
-2.4
-2.1
-1.8
-1.5
-1.2
-0.9
-0.6
-0.3
1.50E-14
0.6
1.2
1.8
2.4
3
3.6
4.2
4.8
5.4
6
5.4
4.8
4.2
3.6
3
2.4
1.8
1.2
0.6
3.07E-14
-0.6
-1.2
-1.8
-2.4
-3
-3.6
-4.2
-4.8
-5.4
-6
-5.4
-4.8
-4.2
-3.6
-3
-2.4
-1.8
-1.2
-0.6
4.82E-14
0.9
1.8
2.7
3.6
4.5
5.4
6.3
7.2
8.1
9
8.1
7.2
6.3
5.4
4.5
3.6
2.7
1.8
0.9
-3.94E-15
-0.9
-1.8
-2.7
-3.6
-4.5
-5.4
-6.3
-7.2
-8.1
-9
-8.1
-7.2
-6.3
-5.4
-4.5
-3.6
-2.7
-1.8
-0.9
1.35E-13
1.5
3
4.5
6
7.5
9
10.5
12
13.5
15
13.5
12
10.5
9
7.5
6
4.5
3
1.5
-6.16E-14
-1.5
-3
-4.5
-6
-7.5
-9
-10.5
-12
-13.5
-15
-13.5
-12
-10.5
-9
-7.5
-6
-4.5
-3
-1.5
2.24E-13
2.1
4.2
6.3
8.4
10.5
12.6
14.7
16.8
18.9
21
18.9
16.8
14.7
12.6
10.5
8.4
6.3
4.2
2.1
-2.69E-13
-2.1
-4.2
-6.3
-8.4
-10.5
-12.6
-14.7
-16.8
-18.9
-21
-18.9
-16.8
-14.7
-12.6
-10.5
-8.4
-6.3
-4.2
-2.1
3.71E-13
2.7
5.4
8.1
10.8
13.5
16.2
18.9
21.6
24.3
27
24.3
21.6
18.9
16.2
13.5
10.8
8.1
5.4
2.7
-4.28E-13
-2.7
-5.4
-8.1
-10.8
-13.5
-16.2
-18.9
-21.6
-24.3
-27
-24.3
-21.6
-18.9
-16.2
-13.5
-10.8
-8.1
-5.4
-2.7
6.18E-13
3.6
7.2
10.8
14.4
18
21.6
25.2
28.8
32.4
36
32.4
28.8
25.2
21.6
18
14.4
10.8
7.2
3.6
-3.28E-13
-3.6
-7.2
-10.8
-14.4
-18
-21.6
-25.2
-28.8
-32.4
-36
-32.4
-28.8
-25.2
-21.6
-18
-14.4
-10.8
-7.2
-3.6
6.22E-13
4.5
9
13.5
18
22.5
27
31.5
36
40.5
45
40.5
36
31.5
27
22.5
18
13.5
9
4.5
-3.44E-13
-4.5
-9
-13.5
-18
-22.5
-27
-31.5
-36
-40.5
-45
-40.5
-36
-31.5
-27
-22.5
-18
-13.5
-9
-4.5
6.21E-13
5.4
10.8
16.2
21.6
27
32.4
37.8
43.2
48.6
54
48.6
43.2
37.8
32.4
27
21.6
16.2
10.8
5.4
-2.21695E-13
-5.4
-10.8
-16.2
-21.6
-27
-32.4
-37.8
-43.2
-48.6
-54
-48.6
-43.2
-37.8
-32.4
-27
-21.6
-16.2
-10.8
-5.4
1.18E-12
7
14
21
28
35
42
49
56
63
70
63
56
49
42
35
28
21
14
7
-5.47094E-13
-7
-14
-21
-28
-35
-42
-49
-56
-63
-70
-63
-56
-49
-42
-35
-28
-21
-14
-7
1.06E-12
8.5
17
25.5
34
42.5
51
59.5
68
76.5
85
76.5
68
59.5
51
42.5
34
25.5
17
8.5
-4.60666E-13
-8.5
-17
-25.5
-34
-42.5
-51
-59.5
-68
-76.5
-85
-76.5
-68
-59.5
-51
-42.5
-34
-25.5
-17
-8.5
1.70E-12
10
20
30
40
50
60
70
80
90
100
90
80
70
60
50
40
30
20
10
-9.93944E-13
-10
-20
-30
-40
-50
-60
-70
-80
-90
-100
-90
-80
-70
-60
-50
-40
-30
-20
-10
1.72E-12
12
24
36
48
60
72
84
96
108
120
108
96
84
72
60
48
36
24
12
-1.18615E-12
-12
-24
-36
-48
-60
-72
-84
-96
-108
-120
-108
-96
-84
-72
-60
-48
-36
-24
-12
1.90E-12
14
28
42
56
70
84
98
112
126
140
126
112
98
84
70
56
42
28
14
-1.75287E-12
-14
-28
-42
-56
-70
-84
-98
-112
-126
-140
-126
-112
-98
-84
-70
-56
-42
-28
-14
2.46E-12
16
32
48
64
80
96
112
128
144
160
144
128
112
96
80
64
48
32
16
-3.50387E-12
-16
-32
-48
-64
-80
-96
-112
-128
-144
-160
-144
-128
-112
-96
-80
-64
-48
-32
-16
4.36E-12
18
36
54
72
90
108
126
144
162
180
162
144
126
108
90
72
54
36
18
-4.33123E-12
-18
-36
-54
-72
-90
-108
-126
-144
-162
-180
-162
-144
-126
-108
-90
-72
-54
-36
-18
5.19E-12
20
40
60
80
100
120
140
160
180
200
180
160
140
120
100
80
60
40
20
-5.18089E-12
-20
-40
-60
-80
-100
-120
-140
-160
-180
-200
-180
-160
-140
-120
-100
-80
-60
-40
-20
-3.3439E-12
-3.34378E-12
-3.34378E-12
-3.34378E-12
-3.34378E-12
-3.34378E-12
-3.34378E-12
-3.34378E-12
-3.34378E-12
-3.34378E-12
-3.34378E-12
