0.300000 84811.839422
0.600000 169623.678844
0.900000 254435.518265
1.200000 339247.357687
1.500000 424059.197109
1.800000 508871.036531
2.100000 593682.875953
2.400000 678494.715375
2.700000 763306.554796
3.000000 848118.394218
2.700000 763306.554796
2.400000 678494.715375
2.100000 593682.875953
1.800000 508871.036531
1.500000 424059.197109
1.200000 339247.357687
0.900000 254435.518265
0.600000 169623.678844
0.300000 84811.839422
0.000000 0.000000
-0.300000 -84811.839422
-0.600000 -169623.678844
-0.900000 -254435.518265
-1.200000 -339247.357687
-1.500000 -424059.197109
-1.800000 -508871.036531
-2.100000 -593682.875953
-2.400000 -678494.715375
-2.700000 -763306.554796
-3.000000 -848118.394218
-2.700000 -763306.554796
-2.400000 -678494.715375
-2.100000 -593682.875953
-1.800000 -508871.036531
-1.500000 -424059.197109
-1.200000 -339247.357687
-0.900000 -254435.518265
-0.600000 -169623.678844
-0.300000 -84811.839422
0.000000 0.000000
0.600000 169623.678844
1.200000 339247.357687
1.800000 508871.036531
2.400000 678494.715375
3.000000 848118.394218
3.600000 1017742.073062
4.200000 1187365.751905
4.800000 1356989.430749
5.400000 1526613.109593
6.000000 1696236.788436
5.400000 1526613.109593
4.800000 1356989.430749
4.200000 1187365.751905
3.600000 1017742.073062
3.000000 848118.394218
2.400000 678494.715375
1.800000 508871.036531
1.200000 339247.357687
0.600000 169623.678844
0.000000 0.000000
-0.600000 -169623.678844
-1.200000 -339247.357687
-1.800000 -508871.036531
-2.400000 -678494.715375
-3.000000 -848118.394218
-3.600000 -1017742.073062
-4.200000 -1187365.751905
-4.800000 -1356989.430749
-5.400000 -1526613.109593
-6.000000 -1696236.788436
-5.400000 -1526613.109593
-4.800000 -1356989.430749
-4.200000 -1187365.751905
-3.600000 -1017742.073062
-3.000000 -848118.394218
-2.400000 -678494.715375
-1.800000 -508871.036531
-1.200000 -339247.357687
-0.600000 -169623.678844
0.000000 0.000000
0.900000 254435.518265
1.800000 508871.036531
2.700000 763306.554796
3.600000 1017742.073062
4.500000 1272177.591327
5.400000 1526613.109593
6.300000 1781048.627858
7.200000 2035484.146124
8.100000 2289919.664389
9.000000 2544355.182654
8.100000 2289919.664389
7.200000 2035484.146124
6.300000 1781048.627858
5.400000 1526613.109593
4.500000 1272177.591327
3.600000 1017742.073062
2.700000 763306.554796
1.800000 508871.036531
0.900000 254435.518265
-0.000000 -0.000000
-0.900000 -254435.518265
-1.800000 -508871.036531
-2.700000 -763306.554796
-3.600000 -1017742.073062
-4.500000 -1272177.591327
-5.400000 -1526613.109593
-6.300000 -1781048.627858
-7.200000 -2035484.146124
-8.100000 -2289919.664389
-9.000000 -2544355.182654
-8.100000 -2289919.664389
-7.200000 -2035484.146124
-6.300000 -1781048.627858
-5.400000 -1526613.109593
-4.500000 -1272177.591327
-3.600000 -1017742.073062
-2.700000 -763306.554796
-1.800000 -508871.036531
-0.900000 -254435.518265
0.000000 0.000000
1.500000 424059.197109
3.000000 848118.394218
4.500000 1272177.591327
6.000000 1696236.788436
7.500000 2120295.985545
9.000000 2544355.182654
10.500000 2968414.379763
12.000000 3392473.576873
13.500000 3816532.773982
15.000000 4240591.971091
13.500000 3816532.773982
12.000000 3392473.576873
10.500000 2968414.379763
9.000000 2544355.182654
7.500000 2120295.985545
6.000000 1696236.788436
4.500000 1272177.591327
3.000000 848118.394218
1.500000 424059.197109
-0.000000 -0.000000
-1.500000 -424059.197109
-3.000000 -848118.394218
-4.500000 -1272177.591327
-6.000000 -1696236.788436
-7.500000 -2120295.985545
-9.000000 -2544355.182654
-10.500000 -2968414.379763
-12.000000 -3392473.576873
-13.500000 -3816532.773982
-15.000000 -4240591.971091
-13.500000 -3816532.773982
-12.000000 -3392473.576873
-10.500000 -2968414.379763
-9.000000 -2544355.182654
-7.500000 -2120295.985545
-6.000000 -1696236.788436
-4.500000 -1272177.591327
-3.000000 -848118.394218
-1.500000 -424059.197109
0.000000 0.000000
2.100000 593682.875953
4.200000 1187365.751905
6.300000 1781048.627858
8.400000 2374731.503811
10.500000 2968414.379763
12.600000 3562097.255716
14.700000 4155780.131669
16.800000 4365583.888719
18.900000 4449047.682585
21.000000 4532511.476451
18.900000 4002357.117008
16.800000 3472202.757564
14.700000 2942048.398120
12.600000 2411894.038676
10.500000 1881739.679233
8.400000 1351585.319789
6.300000 821430.960345
4.200000 291276.600902
2.100000 -302325.200417
-0.000000 -895927.001736
-2.100000 -1451940.459482
-4.200000 -1908081.817129
-6.300000 -2364223.174777
-8.400000 -2820364.532424
-10.500000 -3276505.890072
-12.600000 -3732647.247719
-14.700000 -4188788.605366
-16.800000 -4365583.888719
-18.900000 -4449047.682585
-21.000000 -4532511.476451
-18.900000 -4002357.117008
-16.800000 -3472202.757564
-14.700000 -2942048.398120
-12.600000 -2411894.038676
-10.500000 -1881739.679233
-8.400000 -1351585.319789
-6.300000 -821430.960345
-4.200000 -291276.600902
-2.100000 238802.892960
0.000000 768882.386821
2.700000 1328234.494368
5.400000 1800828.259524
8.100000 2273422.024679
10.800000 2746015.789834
13.500000 3218609.554990
16.200000 3691203.320145
18.900000 4163797.085301
21.600000 4556358.274699
24.300000 4663668.866813
27.000000 4770979.458927
24.300000 4146994.599476
21.600000 3523009.740024
18.900000 2899024.880573
16.200000 2275040.021122
13.500000 1651055.161671
10.800000 1027070.302220
8.100000 403085.442769
5.400000 -278346.596671
2.700000 -857752.437055
-0.000000 -1276171.444949
-2.700000 -1694590.452843
-5.400000 -2113009.460737
-8.100000 -2531428.468631
-10.800000 -2949847.476525
-13.500000 -3368266.484420
-16.200000 -3786685.492314
-18.900000 -4205104.500208
-21.600000 -4556358.274699
-24.300000 -4663668.866813
-27.000000 -4770979.458927
-24.300000 -4146994.599476
-21.600000 -3523009.740024
-18.900000 -2899024.880573
-16.200000 -2275040.021122
-13.500000 -1651055.161671
-10.800000 -1027070.302220
-8.100000 -403085.442769
-5.400000 220716.062622
-2.700000 783358.802173
0.000000 1145675.906077
3.600000 1628765.377949
7.200000 2111854.849822
10.800000 2594944.321694
14.400000 3078033.793566
18.000000 3561123.265439
21.600000 4044212.737311
25.200000 4527302.209183
28.800000 4842519.853669
32.400000 4985600.643154
36.000000 5128681.432640
32.400000 4376734.619512
28.800000 3624787.806385
25.200000 2872840.993258
21.600000 2120894.180131
18.000000 1368947.367004
14.400000 617000.553877
10.800000 -172983.755164
7.200000 -759966.270169
3.600000 -1181856.746910
-0.000000 -1603747.223652
-3.600000 -2025637.700393
-7.200000 -2447528.177134
-10.800000 -2869418.653876
-14.400000 -3291309.130617
-18.000000 -3713199.607359
-21.600000 -4135090.084100
-25.200000 -4556980.560842
-28.800000 -4842519.853669
-32.400000 -4985600.643154
-36.000000 -5128681.432640
-32.400000 -4376734.619512
-28.800000 -3624787.806385
-25.200000 -2872840.993258
-21.600000 -2120894.180131
-18.000000 -1368947.367004
-14.400000 -617000.553877
-10.800000 134550.291457
-7.200000 708353.938720
-3.600000 1076433.444320
0.000000 1444512.949919
4.500000 1904612.331919
9.000000 2364711.713918
13.500000 2824811.095918
18.000000 3284910.477917
22.500000 3745009.859917
27.000000 4205109.241916
31.500000 4665208.623916
36.000000 5125308.005915
40.500000 5307532.419496
45.000000 5486383.406353
40.500000 4617371.467702
36.000000 3748359.529050
31.500000 2879347.590399
27.000000 2010335.651748
22.500000 1141323.713097
18.000000 272311.774446
13.500000 -539945.303394
9.000000 -956732.913488
4.500000 -1373520.523583
-0.000000 -1790308.133677
-4.500000 -2207095.743772
-9.000000 -2623883.353866
-13.500000 -3040670.963961
-18.000000 -3457458.574055
-22.500000 -3874246.184150
-27.000000 -4291033.794244
-31.500000 -4707821.404338
-36.000000 -5124609.014433
-40.500000 -5307532.419496
-45.000000 -5486383.406353
-40.500000 -4617371.467702
-36.000000 -3748359.529050
-31.500000 -2879347.590399
-27.000000 -2010335.651748
-22.500000 -1141323.713097
-18.000000 -272311.774446
-13.500000 524357.171544
-9.000000 911445.169986
-4.500000 1292320.490194
0.000000 1673195.810402
5.400000 2130246.194652
10.800000 2587296.578902
16.200000 3044346.963151
21.600000 3501397.347401
27.000000 3958447.731651
32.400000 4415498.115901
37.800000 4872548.500150
43.200000 5329598.884400
48.600000 5629464.195838
54.000000 5844085.380066
48.600000 4866018.317675
43.200000 3887951.255284
37.800000 2909884.192893
32.400000 1931817.130502
27.000000 953750.068111
21.600000 -19931.486358
16.200000 -687118.073461
10.800000 -1110145.461658
5.400000 -1533172.849855
-0.000000 -1956200.238053
-5.400000 -2379227.626250
-10.800000 -2802255.014447
-16.200000 -3225282.402644
-21.600000 -3648309.790841
-27.000000 -4071337.179039
-32.400000 -4494364.567236
-37.800000 -4917391.955433
-43.200000 -5340419.343630
-48.600000 -5629464.195838
-54.000000 -5844085.380066
-48.600000 -4866018.317675
-43.200000 -3887951.255284
-37.800000 -2909884.192893
-32.400000 -1931817.130502
-27.000000 -953750.068111
-21.600000 18716.462393
-16.200000 677208.193977
-10.800000 1074249.583146
-5.400000 1471290.972316
0.000000 1868332.361486
7.000000 2383015.643743
14.000000 2897698.926000
21.000000 3412382.208257
28.000000 3927065.490515
35.000000 4441748.772772
42.000000 4956432.055029
49.000000 5471115.337286
56.000000 5923574.707558
63.000000 6201787.353779
70.000000 6480000.000000
63.000000 5322692.920823
56.000000 4165385.841646
49.000000 3008078.762468
42.000000 1850771.683291
35.000000 693464.604114
28.000000 -327439.875398
21.000000 -895327.661477
14.000000 -1356673.832154
7.000000 -1818020.002831
-0.000000 -2279366.173508
-7.000000 -2740712.344185
-14.000000 -3202058.514862
-21.000000 -3663404.685539
-28.000000 -4124750.856216
-35.000000 -4586097.026893
-42.000000 -5047443.197569
-49.000000 -5508789.368246
-56.000000 -5923574.707558
-63.000000 -6201787.353779
-70.000000 -6480000.000000
-63.000000 -5322692.920823
-56.000000 -4165385.841646
-49.000000 -3008078.762468
-42.000000 -1850771.683291
-35.000000 -693464.604114
-28.000000 307979.947342
-21.000000 880774.028656
-14.000000 1309938.081262
-7.000000 1739102.133868
0.000000 2168266.186473
8.500000 2689393.964637
17.000000 3210521.742801
25.500000 3731649.520965
34.000000 4252777.299129
42.500000 4773905.077293
51.000000 5295032.855457
59.500000 5816160.633621
68.000000 6337288.411785
76.500000 6433613.636364
85.000000 6372954.545455
76.500000 5060379.455902
68.000000 3747804.366350
59.500000 2435229.276798
51.000000 1122654.187246
42.500000 -112708.571737
34.000000 -786980.753461
25.500000 -1250395.119249
17.000000 -1713809.485036
8.500000 -2177223.850824
-0.000000 -2640638.216611
-8.500000 -3104052.582398
-17.000000 -3567466.948186
-25.500000 -4030881.313973
-34.000000 -4494295.679760
-42.500000 -4957710.045548
-51.000000 -5421124.411335
-59.500000 -5884538.777122
-68.000000 -6347953.142910
-76.500000 -6433613.636364
-85.000000 -6372954.545455
-76.500000 -5060379.455902
-68.000000 -3747804.366350
-59.500000 -2435229.276798
-51.000000 -1122654.187246
-42.500000 94890.818703
-34.000000 701417.452428
-25.500000 1104703.346732
-17.000000 1507989.241035
-8.500000 1911275.135338
0.000000 2314561.029642
10.000000 2789015.022940
20.000000 3263469.016238
30.000000 3737923.009536
40.000000 4212377.002834
50.000000 4686830.996132
60.000000 5161284.989430
70.000000 5635738.982728
80.000000 6110192.976026
90.000000 6337272.727273
100.000000 6265909.090909
90.000000 4807462.582945
80.000000 3349016.074980
70.000000 1890569.567016
60.000000 432123.059051
50.000000 -473817.347420
40.000000 -958293.306075
30.000000 -1389184.495565
20.000000 -1820075.685056
10.000000 -2250966.874547
-0.000000 -2681858.064037
-10.000000 -3112749.253528
-20.000000 -3543640.443018
-30.000000 -3974531.632509
-40.000000 -4405422.821999
-50.000000 -4836314.011490
-60.000000 -5267205.200980
-70.000000 -5698096.390471
-80.000000 -6128987.579962
-90.000000 -6337272.727273
-100.000000 -6265909.090909
-90.000000 -4807462.582945
-80.000000 -3349016.074980
-70.000000 -1890569.567016
-60.000000 -432123.059051
-50.000000 412533.237011
-40.000000 865067.964002
-30.000000 1248602.520159
-20.000000 1632137.076315
-10.000000 2015671.632472
0.000000 2399206.188628
12.000000 2859447.656016
24.000000 3319689.123404
36.000000 3779930.590792
48.000000 4240172.058179
60.000000 4700413.525567
72.000000 5160654.992955
84.000000 5620896.460343
96.000000 6081137.927731
108.000000 6208818.181818
120.000000 6123181.818182
108.000000 4481710.132634
96.000000 2840238.447085
84.000000 1198766.761537
72.000000 -164341.903696
60.000000 -721635.562982
48.000000 -1134820.782427
36.000000 -1548006.001872
24.000000 -1961191.221316
12.000000 -2374376.440761
-0.000000 -2787561.660206
-12.000000 -3200746.879650
-24.000000 -3613932.099095
-36.000000 -4027117.318539
-48.000000 -4440302.537984
-60.000000 -4853487.757429
-72.000000 -5266672.976873
-84.000000 -5679858.196318
-96.000000 -6093043.415762
-108.000000 -6208818.181818
-120.000000 -6123181.818182
-108.000000 -4481710.132634
-96.000000 -2840238.447085
-84.000000 -1198766.761537
-72.000000 141411.815911
-60.000000 644815.906871
-48.000000 1007432.418000
-36.000000 1370048.929129
-24.000000 1732665.440257
-12.000000 2095281.951386
0.000000 2457898.462514
14.000000 2880951.058831
28.000000 3304003.655148
42.000000 3727056.251464
56.000000 4150108.847781
70.000000 4573161.444098
84.000000 4996214.040414
98.000000 5419266.636731
112.000000 5842319.233048
126.000000 6080363.636364
140.000000 5980454.545455
126.000000 4166429.865095
112.000000 2352405.184735
98.000000 538380.504375
84.000000 -383794.743190
70.000000 -832820.697925
56.000000 -1219460.204233
42.000000 -1606099.710542
28.000000 -1992739.216851
14.000000 -2379378.723160
-0.000000 -2766018.229469
-14.000000 -3152657.735778
-28.000000 -3539297.242087
-42.000000 -3925936.748396
-56.000000 -4312576.254705
-70.000000 -4699215.761014
-84.000000 -5085855.267323
-98.000000 -5472494.773632
-112.000000 -5859134.279941
-126.000000 -6080363.636364
-140.000000 -5980454.545455
-126.000000 -4166429.865095
-112.000000 -2352405.184735
-98.000000 -538380.504375
-84.000000 337943.459745
-70.000000 752433.004511
-56.000000 1097802.803712
-42.000000 1443172.602912
-28.000000 1788542.402113
-14.000000 2133912.201313
0.000000 2479282.000514
16.000000 2873990.342457
32.000000 3268698.684401
48.000000 3663407.026344
64.000000 4058115.368288
80.000000 4452823.710231
96.000000 4847532.052175
112.000000 5242240.394118
128.000000 5636948.736061
144.000000 5951909.090909
160.000000 5837727.272727
144.000000 3859635.362176
128.000000 1881543.451625
112.000000 -24386.787213
96.000000 -524025.072979
80.000000 -905341.782034
64.000000 -1270681.093174
48.000000 -1636020.404313
32.000000 -2001359.715453
16.000000 -2366699.026592
-0.000000 -2732038.337732
-16.000000 -3097377.648871
-32.000000 -3462716.960011
-48.000000 -3828056.271151
-64.000000 -4193395.582290
-80.000000 -4558734.893430
-96.000000 -4924074.204569
-112.000000 -5289413.515709
-128.000000 -5654752.826848
-144.000000 -5951909.090909
-160.000000 -5837727.272727
-144.000000 -3859635.362176
-128.000000 -1881543.451625
-112.000000 21810.437603
-96.000000 468664.283519
-80.000000 825290.355442
-64.000000 1155690.040763
-48.000000 1486089.726085
-32.000000 1816489.411406
-16.000000 2146889.096728
0.000000 2477288.782049
18.000000 2848988.428036
36.000000 3220688.074023
54.000000 3592387.720009
72.000000 3964087.365996
90.000000 4335787.011983
108.000000 4707486.657969
126.000000 5079186.303956
144.000000 5450885.949943
162.000000 5822585.595930
180.000000 5695000.000000
162.000000 3559916.292676
144.000000 1424832.585352
126.000000 -154237.962737
108.000000 -605651.755391
90.000000 -952968.762084
72.000000 -1300285.768777
54.000000 -1647602.775470
36.000000 -1994919.782162
18.000000 -2342236.788855
-0.000000 -2689553.795548
-18.000000 -3036870.802241
-36.000000 -3384187.808934
-54.000000 -3731504.815627
-72.000000 -4078821.822320
-90.000000 -4426138.829013
-108.000000 -4773455.835706
-126.000000 -5120772.842399
-144.000000 -5468089.849092
-162.000000 -5815406.855784
-180.000000 -5695000.000000
-162.000000 -3559916.292676
-144.000000 -1424832.585352
-126.000000 140029.303488
-108.000000 559941.831599
-90.000000 877936.991622
-72.000000 1195932.151646
-54.000000 1513927.311669
-36.000000 1831922.471692
-18.000000 2149917.631715
0.000000 2467912.791738
20.000000 2821240.747319
40.000000 3174568.702900
60.000000 3527896.658482
80.000000 3881224.614063
100.000000 4234552.569644
120.000000 4587880.525225
140.000000 4941208.480806
160.000000 5294536.436388
180.000000 5647864.391969
200.000000 5695000.000000
180.000000 3408953.359455
160.000000 1122906.718910
140.000000 -222788.882100
120.000000 -636001.093634
100.000000 -969947.157230
80.000000 -1303893.220827
60.000000 -1637839.284423
40.000000 -1971785.348020
20.000000 -2305731.411616
-0.000000 -2639677.475212
-20.000000 -2973623.538809
-40.000000 -3307569.602405
-60.000000 -3641515.666001
-80.000000 -3975461.729598
-100.000000 -4309407.793194
-120.000000 -4643353.856790
-140.000000 -4977299.920387
-160.000000 -5311245.983983
-180.000000 -5645192.047579
-200.000000 -5695000.000000
-180.000000 -3408953.359455
-160.000000 -1122906.718910
-140.000000 209226.149856
-120.000000 605502.180557
-100.000000 920245.227214
-80.000000 1234988.273871
-60.000000 1549731.320528
-40.000000 1864474.367185
-20.000000 2179217.413841
-0.000000 2493960.460498
-0.000000 2493960.460498
-0.000000 2493960.460498
-0.000000 2493960.460498
-0.000000 2493960.460498
-0.000000 2493960.460498
-0.000000 2493960.460498
-0.000000 2493960.460498
-0.000000 2493960.460498
-0.000000 2493960.460498
-0.000000 2493960.460498
