-180.00	-5660000.00
-162.00	-5720000.00
-144.00	-5920000.00
-126.00	-6110000.00
-120.00	-6220000.00
-100.00	-6330000.00
-85.00	-6390000.00
-70.00	-6430000.00
-54.00	-6360000.00
-45.00	-6120000.00
-36.00	-5570000.00
-27.00	-4710000.00
-21.00	-3900000.00
-15.00	-2950000.00
-9.00	-1940000.00
-6.00	-1410000.00
-3.00	-848000.00
0.00	0.00
3.00	848000.00
6.00	1410000.00
9.00	1940000.00
15.00	2950000.00
21.00	3890000.00
27.00	4660000.00
36.00	5490000.00
45.00	6090000.00
54.00	6410000.00
70.00	6530000.00
85.00	6480000.00
100.00	6390000.00
108.00	6260000.00
126.00	6130000.00
144.00	5900000.00
180.00	5730000.00
